function [Z]=matrizZ()
enero = [2.58 1.44 4.23 2.02 3.80 1.34 5.50 3.20 2.05 3.23 2.52];
febrero = [1.16 5.17 6.01 3.81 5.77 2.32 3.07 2.52 12.87 4.60 3.21];
marzo = [9.83 8.07 0.43 1.24 2.41 7.78 3.49 1.84 3.79 3.93 2.64];
abril = [3.08 4.24 1.70 2.48 3.08 5.66 1.36 1.03 6.03 7.46 7.63];
mayo = [5.95 5.81 2.41 1.52 1.04 5.73 4.31 2.11 3.95 2.97 1.96];
julio = [6.82 6.63 0.60 3.42 5.09 2.19 6.97 5.68 6.99 5.04 2.34];
agosto = [1.19 6.23 8.63 2.28 6.82 3.83 3.57 3.79 10.20 1.05 2.03];
setiembre = [6.60 1.64 12.66 1.46 0.32 10.68 5.41 2.71 1.77 2.79 2.18];
octubre = [0.12 1.92 1.66 2.23 4.84 6.37 0.95 0.25 0.61 1.57 0.20];
noviembre = [2.48 2.13 3.68 3.05 4.92 3.89 2.61 1.38 3.37 4.31 1.15];
diciembre = [1.58 1.85 0.75 5.99 5.33 8.98 1.08 4.86 9.04 5.89 5.95];
Z=[enero' febrero' marzo' abril' mayo' julio' agosto' setiembre' octubre' noviembre' diciembre'];
end
